# TAP, TAPE, TAPSE
1  1  3  11.6019  5.94808  6.30177
2  1  1  11.5713  11.2821  11.7065
3  1  1  14.684  15.1015  14.903
4  1  1  376.695  380.529  396.124
5  1  1  70.5415  71.034  72.5841
6  1  1  13.9835  13.9756  14.0808
7  1  1  42.1619  42.7442  45.2184
8  1  1  1160.66  1201.3  1225.64
9  1  1  235.559  239.389  243.617
10  1  2  21.7023  16.1039  17.0945
11  1  2  197.019  147.433  152.44
12  1  3  17.6269  7.98141  8.15956
13  1  3  59.2231  24.7774  24.4921
14  1  3  40.8893  24.3834  25.3127
15  1  3  69.9894  40.3528  40.5758
16  1  40  5750.83  1748.36  1873.37