# TAP, TAPE, TAPSE
1  1  1  2.36388  2.30538  2.41722
2  1  1  1.86636  1.72114  1.89369
3  1  2  2.92338  2.89718  3.04221
4  1  2  1.58949  1.45711  1.57203
5  1  2  0.900955  0.77417  0.77739
6  1  4  0.662111  0.521645  0.498108
7  1  5  20.3211  4.71919  4.9687
8  1  5  5.34389  3.54317  3.8174
9  2  1  4.73737  4.65867  4.84626
10  2  1  2.70053  2.57946  2.83087
11  2  1  3.569  3.32668  4.07999
12  2  1  4.24462  4.26326  3.21187
13  2  2  0.449407  0.456631  0.243658
14  2  2  5.19922  5.18265  5.74416
15  2  3  19.3337  9.57019  8.12215
16  2  4  25.654  8.11081  8.65776





